40

1111111111 XII 4-10. AI 29911.
ob Antiocho Ε 1111111 XII 246·-
256. 3119. 321 Antiocho Pio VII
313.ΧΠΙ236-248. 3161. 33611-
13111158-16.1.311421 181111
113111311111416-481. 313511.
11111 (111111311392-408.11.
3114351131182- 84. duobus
arcibus tenetur 111248 291. moenia
Caesaris permissu 1111111 XIV
14420031199.1131311111111
31113261. 311218. V148. 152.

situs deson 111131136-183.111-
511111111111111 121-361. 311-

409. 603-584.12-39. 131163166116

1111111111·8.193-213. quot
hominum 111111111113114221.
ο1.116111.1111111111111113
4401111111111. 149. 66. 8111.
1241291119. 1111118. 80. 91.
mm.mmwmmm.
199. 191. 199. 204. 206. 211. 225.
143. 263. 212. 219. 283. 292. 31111.
319. 321. 363. 389. 392. VIII 1111.
21. 25. 41. 54. 9911. 146. 148. 150.
166. 186-188. 198. 20511. 211. 221.
225. 221. 23011. 236. 241. 248. 264.
285. 290. 291. 363. 314. 393. 399.
nmfflmommuw
95. 99121. 143144. 166. 110-112.
186. 194. 201. 203. 216. 213. 236.

mmmmmmmm-

X 2. 4. 15. 21. 38. 42. 44. 62. 66.
10.11. 8011.106-116.131.131.
14411149114. 11911. 18311. 229
233. 231. XI 333. 310. 329. 3411342.
XII 60. 81. 81. 133136119. 111.
· 221. 229. 241. 212. 296. 31611. 369.
362. 311. 311. 388. 391. 403-408.
4211111114. 11. 3811. 4111. 1511.
63. 61. 1214. 11. 19. 91. 101. 105.
121.128.133.142.153.163.181.194.
201. 20111. 215. 216. 28411. 364.
311. 380. 401. 403. 111116. 13. 12.
1411. 11. 82. 81. 9011. 93. 158.
·161. 181. 199. 218. 281. 294. 299.
334. 344. 363. 392. 396. 400. 461.
461. 488. XV 1. 6. 11. 241. 268.
293. 324. 406. 111128. 62. 163.
16611. 161. 169111. XVII 26. 59.
89. 222. 211. 26211. 299. 320.
XVIII 30. 15-60.82. 90. 122. 313.
XIX 1. 293. 326. 33111. XX 1. 95.
38. 136. 169. 111. 189. 23011. 236.
311 4611. 10. 11. 81. 128. 111.
19011. 198. 200. 21611. 269. 291.
320. 330. 332. 348. 360. 314. 318.
401. 412. 416. 422. Α 133. 48. 90.
94. 168. 114. 120. 126. 131. 141.
19611. 209. 228. 230. 241. 261.

Ἱεροσόλυμα

21011. 215. 311. II 12. 19. 48.
B 13. 8. 23. 90. 96. 126. 131. 139.
164. 160. 163. 16931. 112. 118. 203.
206. 214. 224. 229. 236. 249. 246.
250. 218. 189. 292. 294. 343. 341.
41811. 432. 451. 181. 11 134012.
169. 111. 114. 116. 186. 224. 234.
231. 244. 246. 214. 262. 214. 280.
193. 196. 310. 313. 33311. 338. 318.
434. 516141. 521. 662. 626. 630. 648.
llI 62. 54. 138. 140. 432. 436. 442.
11 61. 89. 106. 116. 126. 412. 451.
omwmmmm
151. 10. 11201. 301. 304. 306.
442.1Π4. 21.26.44.16. 112.
148. 219. 21111. 423. 426. 421 431.
Ἱερ οσολυ μη-Ιτς -ῖται 1 58. 11. 82.
ΙΧρ 8. 31. 104112. 111. 130. 161.
111. 200. 20211. 246218. Χ 2311.
91. 109. 133. 159. XI 100 116146.
onmfflwwmm.mmo.
160. 246. 266. ΧΙΠ61. 15. 181.
191. XIV 103. 200. 202. 469. 481.
11111. 168. 262. 32011. XVI 14.
21. XVII 18. ΧΙΧ299. XX 6. 11.
49-53.95.101. 123. 133. 163. 110.
180. 191. 204. 211. 244. VII 1. 28.
62. 66. 12. 130.190.202.211. 211.
231. 241. 264. 266. 391. 310. 316.
3341I 393. 411. A I 264. 296. 311.

11611 Hierosolymorum 11111111ἡᾶ11)

πόλις 1Π66. 1111411. XV 818.
3139. 402. 11344. 422. 424. 426.
6301 11. 131. 140. 245. 262.
260. 446. 11326. 363. 314. 11126.
η κάτω πόλις 1161111 VII 6211
66. ΧΠ138. 262 (612121. 318. 363.
ΧΙΠ216. 1111411. 3139. 50. II
42311 681. 111. 131-140. 263.
11314. 363. 392. καινη 1161111246.
260. 331. 504. 11. Becco& τυροῃοιῶν
1131113 BV196. 140. α 10161111
336. 31261. ηᾶνωαγρ γο 1111111111
111111111311301. 311. 3391131.

,31κῶνᾶ ορά 3 11 530. Iuor! ων

6669111 1311111111111111616-
11111131141. 111111113111131
304. Γενὰ31 146. 1111155.1111111
BV 1513131111 οι 1131011. 392.
402. 423.433.111261216.11111·
111111ᾰ1χεῑα iu urbo ioferIoro B 11
421. 11 364. &taffo ριον 311
354. βουλή 3 144 mado ομος
Imm.mu.mwc m.
Bnmwm.mmwst
1111 513
VII 66. Solomonis VIII 190-139.

 

